-1,-1,-1,-1,-1,-1,-1,-1,-1,-1,-1,-1,-1,-1,-1,57,26,93,78,46,0,114,115,209,170,184,225,238,323,294,;-1,-1,-1,-1,-1,-1,-1,-1,-1,-1,-1,-1,-1,-1,-1,27,58,28,87,65,1,119,126,156,178,206,237,239,291,;-1,-1,-1,-1,-1,-1,-1,-1,-1,-1,-1,-1,-1,-1,-1,29,59,60,2,79,66,112,140,151,168,208,214,254,281,;-1,-1,-1,-1,-1,-1,-1,-1,-1,-1,-1,-1,-1,-1,-1,30,61,31,47,3,48,133,139,155,199,290,296,273,287,;-1,-1,-1,-1,-1,-1,-1,-1,-1,-1,-1,-1,-1,-1,-1,62,32,33,80,4,5,135,142,154,200,188,228,234,279,;-1,-1,-1,-1,-1,-1,-1,-1,-1,-1,-1,-1,-1,-1,-1,91,98,94,6,7,8,99,123,158,173,207,221,245,;-1,-1,-1,-1,-1,-1,-1,-1,-1,-1,-1,-1,-1,-1,-1,34,63,35,9,49,67,111,143,307,164,182,318,264,-1,297,;-1,-1,-1,-1,-1,-1,-1,-1,-1,-1,-1,-1,-1,-1,-1,36,95,84,10,88,81,103,127,147,217,202,256,274,;-1,-1,-1,-1,-1,-1,-1,-1,-1,-1,-1,-1,-1,-1,-1,71,72,37,50,89,11,106,302,172,174,219,230,266,;-1,-1,-1,-1,-1,-1,-1,-1,-1,-1,-1,-1,-1,-1,-1,73,97,74,12,13,14,101,134,216,177,193,317,244,277,;-1,-1,-1,-1,-1,-1,-1,-1,-1,-1,-1,-1,-1,-1,-1,38,85,75,15,16,68,113,129,160,269,203,251,258,;-1,-1,-1,-1,-1,-1,-1,-1,-1,-1,-1,-1,-1,-1,-1,39,76,40,17,90,82,109,131,152,162,198,232,242,;-1,-1,-1,-1,-1,-1,-1,-1,-1,-1,-1,-1,-1,-1,-1,41,42,77,51,18,19,121,138,306,213,218,223,262,286,;-1,-1,-1,-1,-1,-1,-1,-1,-1,-1,-1,-1,-1,-1,-1,43,86,96,52,69,20,104,117,145,176,196,252,236,293,;-1,-1,-1,-1,-1,-1,-1,-1,-1,-1,-1,-1,-1,-1,-1,44,45,64,21,53,22,108,124,149,197,194,271,247,275,;-1,;-1,;-1,;-1,-1,-1,-1,-1,-1,-1,-1,-1,-1,-1,-1,-1,-1,-1,23,24,25,-1,304,-1,299,132,-1,259,192,-1,272,;-1,-1,-1,-1,-1,-1,-1,-1,-1,-1,-1,-1,-1,-1,-1,83,54,70,141,-1,320,122,303,321,181,190,-1,-1,288,;-1,-1,-1,-1,-1,-1,-1,-1,-1,-1,-1,-1,-1,-1,-1,55,92,56,267,-1,-1,301,300,305,212,;-1,-1,-1,-1,-1,-1,-1,-1,-1,-1,-1,-1,-1,-1,-1,110,100,107,105,102,120,-1,144,308,180,186,-1,261,;-1,-1,-1,-1,-1,-1,-1,-1,-1,-1,-1,-1,-1,-1,-1,136,118,130,137,128,125,116,-1,161,166,205,227,249,283,;-1,-1,-1,-1,-1,-1,-1,-1,-1,-1,-1,-1,-1,-1,-1,146,159,150,153,148,157,312,309,-1,169,311,315,257,;-1,-1,-1,-1,-1,-1,-1,-1,-1,-1,-1,-1,-1,-1,-1,167,165,175,179,171,163,319,313,-1,-1,210,-1,268,;-1,-1,-1,-1,-1,-1,-1,-1,-1,-1,-1,-1,-1,-1,-1,191,183,204,187,189,185,201,195,211,310,-1,314,253,;-1,-1,-1,-1,-1,-1,-1,-1,-1,-1,-1,-1,-1,-1,-1,226,229,224,233,220,215,322,316,231,-1,222,-1,260,;-1,-1,-1,-1,-1,-1,-1,-1,-1,-1,-1,-1,-1,-1,-1,250,246,263,241,235,240,265,248,270,-1,255,243,;-1,-1,-1,-1,-1,-1,-1,-1,-1,-1,-1,-1,-1,-1,-1,284,278,285,-1,280,276,-1,292,-1,289,324,282,;-1,-1,-1,-1,-1,-1,-1,-1,-1,-1,-1,-1,-1,-1,-1,-1,298,-1,-1,295,;
324
50
2
15
14
3
3
0.4
0
20
2020
199.09
4.16729
34
0.4
6369
0,0,1,0,1,0,2,2,2,0,2,2,3,0,0,0,4,0,0,0,5,0,0,0,6,0,5,5,7,0,5,5,8,0,2,2,9,0,2,2,10,0,0,0,11,0,0,0,12,0,0,0,13,0,5,5,14,0,5,5,15,2,25.9728,1,16,2,33.327,1,17,2,24.363,1,18,1,55.2556,1,19,1,-0.566604,0.0896913,20,1,85.0536,1,
46,0,19,19.6934,1,0,87,1,18,0.32926,1,0,79,2,19,-0.00051204,1,0,66,2,20,1.49206,1,0,47,3,18,15.8991,1,0,3,3,19,1.41685,1,0,48,3,20,0.991282,1,0,5,4,20,0.0227497,1,0,6,5,18,-0.0404822,1,0,49,6,19,-0.113116,1,0,15,10,18,-0.0148283,1,0,16,10,19,3.96723,1,0,68,10,20,0.749763,1,0,17,11,18,0.038328,1,0,82,11,20,0.000683571,1,0,21,14,18,10.9194,1,0,22,14,20,16.4139,1,0,28,1,17,0.010264,1,0,29,2,15,0.0369843,1,0,59,2,16,3.27228e-05,1,0,61,3,16,0.231738,1,0,31,3,17,-0.967377,1,0,32,4,16,0.00826638,1,0,91,5,15,-2.96656,1,0,63,6,16,-0.994433,1,0,84,7,17,0.110693,1,0,37,8,17,8.18818,1,0,85,10,16,-0.185421,1,0,41,12,15,0.103507,1,0,42,12,16,0.817053,1,0,43,13,15,5.17976,1,0,86,13,16,7.65982,1,0,96,13,17,1.46803,1,0,64,14,17,0.0144997,1,0,
0.2
6369
0,0,1,0,1,0,0,0,2,0,0,0,3,0,0,0,4,0,0,0,5,0,0,0,6,0,7,7,7,0,7,7,8,0,0,0,9,0,0,0,10,0,0,0,11,0,0,0,12,0,0,0,13,0,7,7,14,0,7,7,15,2,-36.5565,0,16,2,1.50804,0.997909,17,2,-18.9777,1.95287e-34,18,1,72.7848,1,19,1,1.42209,0.99703,20,1,88.3515,1,
46,0,19,-0.0817237,1,0,87,1,18,0.0876322,1,0,79,2,19,0.0358751,1,0,66,2,20,1.86777,1,0,47,3,18,5.54216,1,0,3,3,19,-1.36184,1,0,48,3,20,-2.74449,1,0,5,4,20,-0.0221208,1,0,6,5,18,-0.180394,1,0,49,6,19,0.203156,1,0,15,10,18,-0.677413,1,0,16,10,19,-15.5288,1,0,68,10,20,-0.74992,1,0,17,11,18,-1.16053,1,0,82,11,20,-0.00267779,1,0,21,14,18,10.3978,1,0,22,14,20,12.6216,1,0,28,1,17,-0.00903097,1,0,29,2,15,-0.0463943,1,0,59,2,16,-3.12281e-05,1,0,61,3,16,19.9716,1,0,31,3,17,-0.816519,1,0,32,4,16,-1.84809,1,0,91,5,15,3.7083,1,0,63,6,16,-8.8031,1,0,84,7,17,0.0300562,1,0,37,8,17,2.01023,1,0,85,10,16,4.32658,1,0,41,12,15,-0.101307,1,0,42,12,16,4.21082,1,0,43,13,15,-5.22236,1,0,86,13,16,9.01854,1,0,96,13,17,-2.71228,1,0,64,14,17,-0.0288724,1,0,
0
6369
0,0,1,0,1,0,5,5,2,0,5,5,3,0,2,2,4,0,2,2,5,0,2,2,6,0,2,2,7,0,2,2,8,0,5,5,9,0,5,5,10,0,2,2,11,0,2,2,12,0,2,2,13,0,1,1,14,0,2,2,15,2,-2.82978,9.40935e-06,16,2,6.33535,1,17,2,-6.60543,1.84932e-12,18,1,60.4962,1,19,1,-15.8341,7.4891e-29,20,1,-28.2902,0,
46,0,19,0.0475566,1,0,87,1,18,0.294145,1,0,79,2,19,0.03951,1,0,66,2,20,2.20242,1,0,47,3,18,14.9371,1,0,3,3,19,0.183039,1,0,48,3,20,-0.518818,1,0,5,4,20,-0.0137479,1,0,6,5,18,19.4482,1,0,49,6,19,0.0164045,1,0,15,10,18,0.29837,1,0,16,10,19,-8.21527,1,0,68,10,20,0.263967,1,0,17,11,18,-0.37363,1,0,82,11,20,0.00198587,1,0,21,14,18,-4.79729,1,0,22,14,20,-19.3845,1,0,28,1,17,0.0078547,1,0,29,2,15,0.0292945,1,0,59,2,16,-4.94902e-05,1,0,61,3,16,0.15327,1,0,31,3,17,-0.249182,1,0,32,4,16,-0.00696873,1,0,91,5,15,-2.30231,1,0,63,6,16,2.91989,1,0,84,7,17,-0.105588,1,0,37,8,17,-2.31544,1,0,85,10,16,-1.60355,1,0,41,12,15,0.0833191,1,0,42,12,16,-2.94055,1,0,43,13,15,1.46173,1,0,86,13,16,9.29143,1,0,96,13,17,-3.07993,1,0,64,14,17,4.36098,1,0,
0.4
6369
0,0,1,0,1,0,5,5,2,0,5,5,3,0,0,0,4,0,0,0,5,0,0,0,6,0,2,2,7,0,2,2,8,0,5,5,9,0,5,5,10,0,0,0,11,0,0,0,12,0,0,0,13,0,0,0,14,0,2,2,15,2,0.456128,0.865944,16,2,-6.05009,1.79242e-11,17,2,-7.68941,2.19574e-14,18,1,2.20715,0.99988,19,1,0.268591,0.749986,20,1,-10.3602,3.95894e-19,
46,0,19,0.207132,1,0,87,1,18,0.189072,1,0,79,2,19,-0.00703004,1,0,66,2,20,-0.00348278,1,0,47,3,18,-5.72644,1,0,3,3,19,-0.632716,1,0,48,3,20,-1.21602,1,0,5,4,20,0.0171818,1,0,6,5,18,0.04026,1,0,49,6,19,0.151871,1,0,15,10,18,0.810409,1,0,16,10,19,-12.1401,1,0,68,10,20,0.238322,1,0,17,11,18,0.937981,1,0,82,11,20,0.00264508,1,0,21,14,18,0.630896,1,0,22,14,20,-5.17138,1,0,28,1,17,0.00288089,1,0,29,2,15,0.0912256,1,0,59,2,16,2.96553e-05,1,0,61,3,16,-0.169575,1,0,31,3,17,0.541974,1,0,32,4,16,0.00540858,1,0,91,5,15,-3.76401,1,0,63,6,16,-3.02512,1,0,84,7,17,0.0629202,1,0,37,8,17,-1.5586,1,0,85,10,16,-8.77977,1,0,41,12,15,-0.105576,1,0,42,12,16,-1.59204,1,0,43,13,15,-3.83016,1,0,86,13,16,-7.96916,1,0,96,13,17,1.55962,1,0,64,14,17,-0.0183149,1,0,
0
6369
0,0,1,0,1,0,3,3,2,0,7,7,3,0,4,4,4,0,4,4,5,0,0,0,6,0,0,0,7,0,0,0,8,0,3,3,9,0,7,7,10,0,4,4,11,0,4,4,12,0,0,0,13,0,0,0,14,0,0,0,15,2,0.878499,0.973223,16,2,-14.5401,1.48889e-26,17,2,2.27862,0.99991,18,1,-15.7684,9.79675e-29,19,1,39.2125,1,20,1,-24.9438,5.60519e-45,
46,0,19,-0.00245887,1,0,87,1,18,-0.618259,1,0,79,2,19,-0.00902525,1,0,66,2,20,-2.16289,1,0,47,3,18,-2.29456,1,0,3,3,19,1.18316,1,0,48,3,20,-2.46458,1,0,5,4,20,0.0057297,1,0,6,5,18,-0.322854,1,0,49,6,19,17.0214,1,0,15,10,18,0.152875,1,0,16,10,19,8.63575,1,0,68,10,20,0.00559519,1,0,17,11,18,-1.33673,1,0,82,11,20,0.00236252,1,0,21,14,18,-8.47531,1,0,22,14,20,-11.1643,1,0,28,1,17,-0.00170154,1,0,29,2,15,0.1255,1,0,59,2,16,4.56308e-05,1,0,61,3,16,0.000970501,1,0,31,3,17,-0.829185,1,0,32,4,16,-0.00787557,1,0,91,5,15,-2.76149,1,0,63,6,16,-0.287593,1,0,84,7,17,0.0320328,1,0,37,8,17,1.86682,1,0,85,10,16,-3.62821,1,0,41,12,15,0.0265466,1,0,42,12,16,2.55226,1,0,43,13,15,-0.771553,1,0,86,13,16,-7.33131,1,0,96,13,17,-2.86113,1,0,64,14,17,-0.0131256,1,0,
0.1
6369
0,0,1,0,1,0,5,5,2,0,5,5,3,0,0,0,4,0,0,0,5,0,0,0,6,0,2,2,7,0,2,2,8,0,5,5,9,0,5,5,10,0,0,0,11,0,0,0,12,0,0,0,13,0,2,2,14,0,2,2,15,2,10.8995,1,16,2,19.3568,1,17,2,3.45092,0.999999,18,1,11.3579,1,19,1,0.274958,0.754837,20,1,38.7652,1,
46,0,19,-0.146019,1,0,87,1,18,-0.264005,1,0,79,2,19,-0.000646062,1,0,66,2,20,0.504854,1,0,47,3,18,-7.41246,1,0,3,3,19,1.36759,1,0,48,3,20,0.678592,1,0,5,4,20,0.0234755,1,0,6,5,18,-0.337742,1,0,49,6,19,0.139094,1,0,15,10,18,0.0142217,1,0,16,10,19,-10.4543,1,0,68,10,20,-0.492155,1,0,17,11,18,1.37532,1,0,82,11,20,-0.0022885,1,0,21,14,18,6.33898,1,0,22,14,20,18.1205,1,0,28,1,17,0.0083045,1,0,29,2,15,-0.0461369,1,0,59,2,16,-6.04868e-05,1,0,61,3,16,-0.020117,1,0,31,3,17,0.92991,1,0,32,4,16,16.2298,1,0,91,5,15,-3.82448,1,0,63,6,16,10.2883,1,0,84,7,17,-0.0267912,1,0,37,8,17,0.42636,1,0,85,10,16,0.69249,1,0,41,12,15,-0.102553,1,0,42,12,16,-1.05544,1,0,43,13,15,5.56509,1,0,86,13,16,-0.609724,1,0,96,13,17,0.654097,1,0,64,14,17,0.0114943,1,0,
0.3
6369
0,0,1,0,1,0,0,0,2,0,0,0,3,0,0,0,4,0,0,0,5,0,0,0,6,0,7,7,7,0,7,7,8,0,0,0,9,0,0,0,10,0,0,0,11,0,0,0,12,0,0,0,13,0,7,7,14,0,7,7,15,2,-43.6455,0,16,2,94.0502,1,17,2,70.9785,1,18,1,46.5261,1,19,1,-1.18717,0.00772522,20,1,-142.666,0,
46,0,19,-0.119073,1,0,87,1,18,-0.200368,1,0,79,2,19,-0.00521608,1,0,66,2,20,1.87353,1,0,47,3,18,9.00216,1,0,3,3,19,1.03892,1,0,48,3,20,-0.816326,1,0,5,4,20,-0.0347194,1,0,6,5,18,0.00453075,1,0,49,6,19,-0.169595,1,0,15,10,18,-0.358276,1,0,16,10,19,-9.50868,1,0,68,10,20,-0.585761,1,0,17,11,18,-1.28068,1,0,82,11,20,-0.00104094,1,0,21,14,18,6.64659,1,0,22,14,20,-20.3808,1,0,28,1,17,0.00465675,1,0,29,2,15,-0.116065,1,0,59,2,16,-4.96774e-05,1,0,61,3,16,0.224804,1,0,31,3,17,-0.256816,1,0,32,4,16,0.00902951,1,0,91,5,15,-3.47628,1,0,63,6,16,3.9133,1,0,84,7,17,-0.0534883,1,0,37,8,17,0.236401,1,0,85,10,16,1.29551,1,0,41,12,15,-0.0827877,1,0,42,12,16,0.594866,1,0,43,13,15,-6.23507,1,0,86,13,16,9.52243,1,0,96,13,17,10.2064,1,0,64,14,17,-0.0131604,1,0,
2231.8
6369
0,0,1,0,1,0,0,0,2,0,0,0,3,0,0,0,4,0,1,1,5,0,1,1,6,0,1,1,7,0,0,0,8,0,0,0,9,0,0,0,10,0,0,0,11,0,1,1,12,0,1,1,13,0,1,1,14,0,0,0,15,2,-1.61537,0.00134922,16,2,3.92698,1,17,2,2.89248,0.999993,18,1,-0.812186,0.0348295,19,1,0.203156,0.696547,20,1,0.0298609,0.530495,
46,0,19,-0.180083,1,0,87,1,18,-0.536755,1,0,79,2,19,-0.0365993,1,0,66,2,20,1.86777,1,0,47,3,18,-14.3618,1,0,3,3,19,-1.36184,1,0,48,3,20,2.4626,1,0,5,4,20,0.0325387,1,0,6,5,18,0.348347,1,0,49,6,19,0.203156,1,0,15,10,18,-0.809975,1,0,16,10,19,-15.5288,1,0,68,10,20,-0.639496,1,0,17,11,18,-1.16053,1,0,82,11,20,-0.00267779,1,0,21,14,18,10.3978,1,0,22,14,20,19.5911,1,0,28,1,17,-0.00903097,1,0,29,2,15,-0.119851,1,0,59,2,16,6.61443e-05,1,0,61,3,16,0.196532,1,0,31,3,17,-0.816519,1,0,32,4,16,0.00830855,1,0,91,5,15,3.7083,1,0,63,6,16,-8.8031,1,0,84,7,17,-0.092267,1,0,37,8,17,2.01023,1,0,85,10,16,4.32658,1,0,41,12,15,-0.101307,1,0,42,12,16,3.70323,1,0,43,13,15,-5.22236,1,0,86,13,16,9.01854,1,0,96,13,17,2.89248,1,0,64,14,17,-0.0288724,1,0,
0
6369
0,0,1,0,1,0,3,3,2,0,3,3,3,0,0,0,4,0,0,0,5,0,0,0,6,0,4,4,7,0,4,4,8,0,3,3,9,0,3,3,10,0,0,0,11,0,0,0,12,0,0,0,13,0,4,4,14,0,4,4,15,2,-17.069,4.79658e-31,16,2,-58.966,0,17,2,-16.4949,5.01913e-30,18,1,15.5485,1,19,1,0.922241,0.977511,20,1,35.2981,1,
46,0,19,-0.105148,1,0,87,1,18,0.491437,1,0,79,2,19,-0.0138123,1,0,66,2,20,-1.72915,1,0,47,3,18,2.33112,1,0,3,3,19,-1.29257,1,0,48,3,20,-16.2435,1,0,5,4,20,0.0110656,1,0,6,5,18,-0.218669,1,0,49,6,19,0.24092,1,0,15,10,18,-0.394944,1,0,16,10,19,3.59691,1,0,68,10,20,0.141284,1,0,17,11,18,0.640403,1,0,82,11,20,0.00169352,1,0,21,14,18,3.51855,1,0,22,14,20,10.1214,1,0,28,1,17,-0.00720592,1,0,29,2,15,0.0883643,1,0,59,2,16,4.30684e-05,1,0,61,3,16,0.0518739,1,0,31,3,17,-0.357241,1,0,32,4,16,-0.00193916,1,0,91,5,15,-1.20387,1,0,63,6,16,-9.78541,1,0,84,7,17,-0.07077,1,0,37,8,17,-1.8906,1,0,85,10,16,-4.57492,1,0,41,12,15,0.108254,1,0,42,12,16,1.99993,1,0,43,13,15,-4.33352,1,0,86,13,16,-4.95613,1,0,96,13,17,-2.59957,1,0,64,14,17,-0.0300405,1,0,
0.1
6369
0,0,1,0,1,0,0,0,2,0,0,0,3,0,0,0,4,0,0,0,5,0,0,0,6,0,7,7,7,0,7,7,8,0,0,0,9,0,0,0,10,0,0,0,11,0,0,0,12,0,0,0,13,0,7,7,14,0,7,7,15,2,-34.8293,0,16,2,15.3394,1,17,2,-5.26603,4.42735e-10,18,1,-86.731,0,19,1,-0.215425,0.292953,20,1,-37.8795,0,
46,0,19,-0.0692307,1,0,87,1,18,-0.162047,1,0,79,2,19,-0.0240993,1,0,66,2,20,1.02565,1,0,47,3,18,-14.2337,1,0,3,3,19,-10.5942,1,0,48,3,20,-1.79798,1,0,5,4,20,0.0108311,1,0,6,5,18,0.0108547,1,0,49,6,19,-0.030775,1,0,15,10,18,-0.610276,1,0,16,10,19,15.83,1,0,68,10,20,-0.657546,1,0,17,11,18,0.533446,1,0,82,11,20,0.00174201,1,0,21,14,18,-12.3901,1,0,22,14,20,-5.41136,1,0,28,1,17,0.0053493,1,0,29,2,15,-0.0764634,1,0,59,2,16,1.18783e-05,1,0,61,3,16,-0.202984,1,0,31,3,17,0.474123,1,0,32,4,16,-0.00462235,1,0,91,5,15,4.24793,1,0,63,6,16,-7.71024,1,0,84,7,17,-0.0189128,1,0,37,8,17,-1.36496,1,0,85,10,16,-4.63294,1,0,41,12,15,-0.08252,1,0,42,12,16,-0.957556,1,0,43,13,15,-4.97561,1,0,86,13,16,9.90158,1,0,96,13,17,-0.704288,1,0,64,14,17,-0.0290888,1,0,
0
6369
0,0,1,0,1,0,5,5,2,0,5,5,3,0,1,1,4,0,1,1,5,0,1,1,6,0,2,2,7,0,2,2,8,0,5,5,9,0,5,5,10,0,1,1,11,0,1,1,12,0,1,1,13,0,2,2,14,0,2,2,15,2,-10.3146,4.77072e-19,16,2,-13.017,7.55766e-24,17,2,18.078,1,18,1,12.748,1,19,1,0.0168743,0.517247,20,1,33.5993,1,
46,0,19,0.102727,1,0,87,1,18,-0.0838725,1,0,79,2,19,-0.00639277,1,0,66,2,20,0.0226619,1,0,47,3,18,-12.5086,1,0,3,3,19,-1.43602,1,0,48,3,20,-2.14944,1,0,5,4,20,-0.00507585,1,0,6,5,18,0.0262271,1,0,49,6,19,0.0848808,1,0,15,10,18,0.270655,1,0,16,10,19,1.31509,1,0,68,10,20,6.20567,1,0,17,11,18,17.2603,1,0,82,11,20,-0.0019724,1,0,21,14,18,4.05935,1,0,22,14,20,14.7184,1,0,28,1,17,-0.00343793,1,0,29,2,15,-0.0291549,1,0,59,2,16,3.80623e-05,1,0,61,3,16,-0.196732,1,0,31,3,17,0.113003,1,0,32,4,16,-0.00440376,1,0,91,5,15,0.00655226,1,0,63,6,16,-3.75018,1,0,84,7,17,-0.0197405,1,0,37,8,17,-2.73046,1,0,85,10,16,-3.65913,1,0,41,12,15,-5.30201,1,0,42,12,16,4.10702,1,0,43,13,15,-2.43667,1,0,86,13,16,-2.88178,1,0,96,13,17,1.08746,1,0,64,14,17,14.7495,1,0,
0.1
6369
0,0,1,0,1,0,0,0,2,0,0,0,3,0,0,0,4,0,0,0,5,0,0,0,6,0,7,7,7,0,7,7,8,0,0,0,9,0,0,0,10,0,0,0,11,0,0,0,12,0,0,0,13,0,7,7,14,0,7,7,15,2,14.8373,1,16,2,-137.675,0,17,2,21.2979,1,18,1,-33.3982,0,19,1,0.315702,0.784354,20,1,48.8865,1,
46,0,19,0.0985159,1,0,87,1,18,-0.497303,1,0,79,2,19,-0.00586697,1,0,66,2,20,2.207,1,0,47,3,18,4.54253,1,0,3,3,19,-0.0382666,1,0,48,3,20,0.586434,1,0,5,4,20,0.00541874,1,0,6,5,18,0.0591254,1,0,49,6,19,0.0451003,1,0,15,10,18,0.192986,1,0,16,10,19,12.1655,1,0,68,10,20,0.00843421,1,0,17,11,18,-0.702973,1,0,82,11,20,0.000718501,1,0,21,14,18,-4.77118,1,0,22,14,20,6.98379,1,0,28,1,17,0.00755249,1,0,29,2,15,-0.0986664,1,0,59,2,16,1.10327e-07,1,0,61,3,16,-0.0889705,1,0,31,3,17,5.32026,1,0,32,4,16,-0.00566959,1,0,91,5,15,0.860633,1,0,63,6,16,-9.15299,1,0,84,7,17,-0.0206192,1,0,37,8,17,-0.719999,1,0,85,10,16,-2.93236,1,0,41,12,15,-0.113239,1,0,42,12,16,-0.581667,1,0,43,13,15,2.11962,1,0,86,13,16,-10.5149,1,0,96,13,17,3.04203,1,0,64,14,17,0.0211523,1,0,
0.5
6369
0,0,1,0,1,0,0,0,2,0,0,0,3,0,0,0,4,0,2,2,5,0,2,2,6,0,7,7,7,0,5,5,8,0,0,0,9,0,0,0,10,0,0,0,11,0,2,2,12,0,2,2,13,0,7,7,14,0,5,5,15,2,-12.3382,1.21385e-22,16,2,97.3258,1,17,2,-68.7899,0,18,1,-14.4385,2.25662e-26,19,1,1.52937,0.998083,20,1,-87.6467,0,
46,0,19,-0.0523011,1,0,87,1,18,-0.161622,1,0,79,2,19,-0.0372011,1,0,66,2,20,-1.66616,1,0,47,3,18,-8.99916,1,0,3,3,19,0.643787,1,0,48,3,20,6.73101,1,0,5,4,20,-7.49443,1,0,6,5,18,-0.388371,1,0,49,6,19,0.218481,1,0,15,10,18,-0.220669,1,0,16,10,19,3.59264,1,0,68,10,20,-0.199015,1,0,17,11,18,-0.801267,1,0,82,11,20,-0.00243565,1,0,21,14,18,-2.41184,1,0,22,14,20,-14.5306,1,0,28,1,17,-18.7356,1,0,29,2,15,-0.102594,1,0,59,2,16,5.14959e-05,1,0,61,3,16,-0.0106449,1,0,31,3,17,-0.416999,1,0,32,4,16,-0.00603929,1,0,91,5,15,6.37004,1,0,63,6,16,4.05515,1,0,84,7,17,-0.0270145,1,0,37,8,17,-0.970663,1,0,85,10,16,0.580574,1,0,41,12,15,-0.0230855,1,0,42,12,16,-1.42761,1,0,43,13,15,-3.57601,1,0,86,13,16,10.2582,1,0,96,13,17,1.88501,1,0,64,14,17,-16.37,1,0,
0.2
6369
0,0,1,0,1,0,7,7,2,0,7,7,3,0,0,0,4,0,0,0,5,0,0,0,6,0,0,0,7,0,0,0,8,0,7,7,9,0,7,7,10,0,0,0,11,0,0,0,12,0,0,0,13,0,0,0,14,0,0,0,15,2,-0.838957,0.0313304,16,2,0.00046301,0.500473,17,2,14.0084,1,18,1,-3.75728,2.1187e-07,19,1,-0.256195,0.25964,20,1,13.0744,1,
46,0,19,-0.180083,1,0,87,1,18,-0.536755,1,0,79,2,19,-0.0365993,1,0,66,2,20,1.86777,1,0,47,3,18,-14.3618,1,0,3,3,19,-1.36184,1,0,48,3,20,2.4626,1,0,5,4,20,0.0325387,1,0,6,5,18,0.348347,1,0,49,6,19,0.203156,1,0,15,10,18,-0.809975,1,0,16,10,19,-15.5288,1,0,68,10,20,-0.639496,1,0,17,11,18,-1.16053,1,0,82,11,20,-0.00267779,1,0,21,14,18,10.3978,1,0,22,14,20,19.5911,1,0,28,1,17,-0.00903097,1,0,29,2,15,-0.119851,1,0,59,2,16,6.61443e-05,1,0,61,3,16,0.196532,1,0,31,3,17,-0.816519,1,0,32,4,16,0.00830855,1,0,91,5,15,3.7083,1,0,63,6,16,-8.8031,1,0,84,7,17,-0.092267,1,0,37,8,17,2.01023,1,0,85,10,16,4.32658,1,0,41,12,15,-0.101307,1,0,42,12,16,3.70323,1,0,43,13,15,-5.22236,1,0,86,13,16,9.01854,1,0,96,13,17,2.89248,1,0,64,14,17,-0.0288724,1,0,
0.6
6369
0,0,1,0,1,0,4,4,2,0,4,4,3,0,0,0,4,0,0,0,5,0,0,0,6,0,3,3,7,0,3,3,8,0,4,4,9,0,4,4,10,0,0,0,11,0,0,0,12,0,0,0,13,0,3,3,14,0,3,3,15,2,6.01999,1,16,2,2.05351,0.999775,17,2,-4.74459,3.73554e-09,18,1,32.6212,1,19,1,-0.18833,0.316421,20,1,-67.1805,0,
46,0,19,-0.124736,1,0,87,1,18,-0.623741,1,0,79,2,19,0.00243424,1,0,66,2,20,-1.99385,1,0,47,3,18,-11.4467,1,0,3,3,19,1.24239,1,0,48,3,20,-1.28552,1,0,5,4,20,-0.0366614,1,0,6,5,18,-0.260202,1,0,49,6,19,-0.0660224,1,0,15,10,18,-0.567876,1,0,16,10,19,12.364,1,0,68,10,20,-0.405705,1,0,17,11,18,-0.830064,1,0,82,11,20,19.0648,1,0,21,14,18,11.7054,1,0,22,14,20,-19.735,1,0,28,1,17,0.00621865,1,0,29,2,15,0.0732021,1,0,59,2,16,2.33104e-05,1,0,61,3,16,0.0576905,1,0,31,3,17,0.612015,1,0,32,4,16,-0.000367953,1,0,91,5,15,0.237334,1,0,63,6,16,9.84358,1,0,84,7,17,-0.0737435,1,0,37,8,17,-2.28016,1,0,85,10,16,8.36357,1,0,41,12,15,0.0401201,1,0,42,12,16,2.68437,1,0,43,13,15,1.90906,1,0,86,13,16,-9.15911,1,0,96,13,17,1.55743,1,0,64,14,17,-0.0332967,1,0,
0.1
6369
0,0,1,0,1,0,7,7,2,0,7,7,3,0,0,0,4,0,0,0,5,0,0,0,6,0,0,0,7,0,0,0,8,0,7,7,9,0,0,0,10,0,0,0,11,0,0,0,12,0,0,0,13,0,0,0,14,0,0,0,15,2,0.0585426,0.559575,16,2,-0.000432522,0.499558,17,2,-9.89272,2.67859e-18,18,1,-1.0541,0.013239,19,1,105.174,1,20,1,3.51432,0.999999,
46,0,19,0.138075,1,0,87,1,18,-0.150585,1,0,79,2,19,15.0249,1,0,66,2,20,0.502045,1,0,47,3,18,-12.7261,1,0,3,3,19,0.395631,1,0,48,3,20,0.181091,1,0,5,4,20,-0.00745673,1,0,6,5,18,0.179923,1,0,49,6,19,-0.183136,1,0,15,10,18,-9.6277,1,0,16,10,19,14.7712,1,0,68,10,20,-0.183927,1,0,17,11,18,-0.467313,1,0,82,11,20,-0.00290362,1,0,21,14,18,-12.0057,1,0,22,14,20,8.89644,1,0,28,1,17,0.00611944,1,0,29,2,15,0.00836323,1,0,59,2,16,-6.17888e-05,1,0,61,3,16,-0.0788096,1,0,31,3,17,0.910132,1,0,32,4,16,0.0073769,1,0,91,5,15,-2.79527,1,0,63,6,16,3.13321,1,0,84,7,17,-0.0247965,1,0,37,8,17,-1.41937,1,0,85,10,16,-2.0947,1,0,41,12,15,0.0950118,1,0,42,12,16,-0.752422,1,0,43,13,15,-9.55252,1,0,86,13,16,-6.63697,1,0,96,13,17,-2.98474,1,0,64,14,17,-0.00105554,1,0,
0.5
6369
0,0,1,0,1,0,4,4,2,0,4,4,3,0,0,0,4,0,0,0,5,0,0,0,6,0,3,3,7,0,3,3,8,0,4,4,9,0,4,4,10,0,0,0,11,0,0,0,12,0,0,0,13,0,3,3,14,0,3,3,15,2,5.39119,1,16,2,-45.4014,0,17,2,42.8904,1,18,1,-10.1791,8.30235e-19,19,1,-0.183551,0.320664,20,1,-60.9403,0,
46,0,19,-0.0318126,1,0,87,1,18,0.276801,1,0,79,2,19,-0.0426606,1,0,66,2,20,0.551744,1,0,47,3,18,-4.64026,1,0,3,3,19,1.03672,1,0,48,3,20,-2.13239,1,0,5,4,20,0.00726818,1,0,6,5,18,-0.466834,1,0,49,6,19,-0.00430274,1,0,15,10,18,13.7985,1,0,16,10,19,-6.75847,1,0,68,10,20,-0.59009,1,0,17,11,18,0.262539,1,0,82,11,20,0.00226919,1,0,21,14,18,-3.76211,1,0,22,14,20,-21.0491,1,0,28,1,17,-0.00256779,1,0,29,2,15,3.19846,1,0,59,2,16,-1.13316e-05,1,0,61,3,16,0.000290441,1,0,31,3,17,-0.211366,1,0,32,4,16,0.00379018,1,0,91,5,15,0.757269,1,0,63,6,16,-6.53597,1,0,84,7,17,0.0213839,1,0,37,8,17,1.47171,1,0,85,10,16,-2.01268,1,0,41,12,15,0.057913,1,0,42,12,16,-3.64729,1,0,43,13,15,-2.46755,1,0,86,13,16,-8.59782,1,0,96,13,17,0.828848,1,0,64,14,17,11.4877,1,0,
0.2
6369
0,0,1,0,1,0,3,3,2,0,3,3,3,0,0,0,4,0,0,0,5,0,0,0,6,0,4,4,7,0,4,4,8,0,3,3,9,0,3,3,10,0,0,0,11,0,0,0,12,0,0,0,13,0,4,4,14,0,4,4,15,2,24.2709,1,16,2,-103.336,0,17,2,46.8986,1,18,1,-2.15009,0.000151638,19,1,0.407779,0.841284,20,1,55.426,1,
46,0,19,0.191899,1,0,87,1,18,0.520927,1,0,79,2,19,-0.0331783,1,0,66,2,20,-1.06991,1,0,47,3,18,12.7339,1,0,3,3,19,0.516715,1,0,48,3,20,-2.91783,1,0,5,4,20,-0.0207284,1,0,6,5,18,-0.357811,1,0,49,6,19,0.126828,1,0,15,10,18,-0.372688,1,0,16,10,19,-10.8142,1,0,68,10,20,-0.423126,1,0,17,11,18,0.757294,1,0,82,11,20,0.000691215,1,0,21,14,18,-0.928218,1,0,22,14,20,14.6589,1,0,28,1,17,0.0081349,1,0,29,2,15,-0.109197,1,0,59,2,16,-3.73132e-05,1,0,61,3,16,4.50388,1,0,31,3,17,-0.578241,1,0,32,4,16,0.00951701,1,0,91,5,15,-8.42408,1,0,63,6,16,-19.0206,1,0,84,7,17,9.46705,1,0,37,8,17,-1.41931,1,0,85,10,16,-3.5604,1,0,41,12,15,0.0378494,1,0,42,12,16,4.0577,1,0,43,13,15,6.14963,1,0,86,13,16,-6.81334,1,0,96,13,17,3.31671,1,0,64,14,17,-0.000735081,1,0,
0.5
6369
0,0,1,0,1,0,2,2,2,0,2,2,3,0,0,0,4,0,0,0,5,0,0,0,6,0,5,5,7,0,5,5,8,0,2,2,9,0,2,2,10,0,0,0,11,0,0,0,12,0,0,0,13,0,5,5,14,0,5,5,15,2,-19.1164,1.10725e-34,16,2,-10.143,9.62546e-19,17,2,-13.4134,1.4937e-24,18,1,6.04358,1,19,1,-0.194315,0.31115,20,1,-8.55706,6.31549e-16,
46,0,19,0.0827716,1,0,87,1,18,-0.209553,1,0,79,2,19,0.012325,1,0,66,2,20,-1.26953,1,0,47,3,18,-7.47261,1,0,3,3,19,1.15818,1,0,48,3,20,-0.164742,1,0,5,4,20,0.00703769,1,0,6,5,18,-0.403959,1,0,49,6,19,-0.043793,1,0,15,10,18,-0.942224,1,0,16,10,19,-16.3539,1,0,68,10,20,-0.471662,1,0,17,11,18,0.511304,1,0,82,11,20,-0.00285722,1,0,21,14,18,1.29254,1,0,22,14,20,-1.2036,1,0,28,1,17,0.0069257,1,0,29,2,15,-0.111402,1,0,59,2,16,-4.0789e-05,1,0,61,3,16,0.0771499,1,0,31,3,17,0.907138,1,0,32,4,16,-0.0087502,1,0,91,5,15,0.794968,1,0,63,6,16,4.10229,1,0,84,7,17,-0.0734269,1,0,37,8,17,1.58748,1,0,85,10,16,-1.1103,1,0,41,12,15,0.116927,1,0,42,12,16,-1.76802,1,0,43,13,15,-3.77872,1,0,86,13,16,-6.13087,1,0,96,13,17,-3.27404,1,0,64,14,17,0.0270263,1,0,
0.3
6369
0,0,1,0,1,0,6,6,2,0,7,7,3,0,1,1,4,0,1,1,5,0,0,0,6,0,0,0,7,0,0,0,8,0,6,6,9,0,7,7,10,0,1,1,11,0,1,1,12,0,0,0,13,0,0,0,14,0,0,0,15,2,-0.980751,0.0177882,16,2,-2.97527,5.18956e-06,17,2,5.91532,1,18,1,-3.33521,1.19066e-06,19,1,-7.6787,2.29405e-14,20,1,-13.2907,2.4675e-24,
46,0,19,0.0181381,1,0,87,1,18,-0.0732271,1,0,79,2,19,-0.0266076,1,0,66,2,20,-1.42079,1,0,47,3,18,-9.87902,1,0,3,3,19,-0.69454,1,0,48,3,20,-2.8866,1,0,5,4,20,0.0208461,1,0,6,5,18,0.00165523,1,0,49,6,19,0.21893,1,0,15,10,18,0.4317,1,0,16,10,19,-6.7979,1,0,68,10,20,-0.476974,1,0,17,11,18,6.55147,1,0,82,11,20,-0.0024041,1,0,21,14,18,-10.1524,1,0,22,14,20,12.1565,1,0,28,1,17,-0.00922975,1,0,29,2,15,-0.140107,1,0,59,2,16,-9.14757e-06,1,0,61,3,16,-0.0983745,1,0,31,3,17,0.690644,1,0,32,4,16,0.00274721,1,0,91,5,15,4.01365,1,0,63,6,16,2.30401,1,0,84,7,17,-0.0233406,1,0,37,8,17,0.880008,1,0,85,10,16,-2.87958,1,0,41,12,15,0.0322359,1,0,42,12,16,-2.49201,1,0,43,13,15,-5.05469,1,0,86,13,16,1.59328,1,0,96,13,17,-1.60472,1,0,64,14,17,0.0191737,1,0,
0
6369
0,0,1,0,1,0,2,2,2,0,2,2,3,0,2,2,4,0,4,4,5,0,4,4,6,0,5,5,7,0,3,3,8,0,2,2,9,0,2,2,10,0,2,2,11,0,4,4,12,0,4,4,13,0,5,5,14,0,3,3,15,2,-31.8427,0,16,2,2.37022,0.999938,17,2,-11.8804,7.8936e-22,18,1,7.24841,1,19,1,-36.7942,0,20,1,-18.9987,1.79155e-34,
46,0,19,15.9908,1,0,87,1,18,0.415844,1,0,79,2,19,0.00366097,1,0,66,2,20,-13.8489,1,0,47,3,18,0.598118,1,0,3,3,19,-11.861,1,0,48,3,20,1.39585,1,0,5,4,20,-0.0098237,1,0,6,5,18,0.29988,1,0,49,6,19,-0.0248836,1,0,15,10,18,0.653231,1,0,16,10,19,-6.47752,1,0,68,10,20,0.4856,1,0,17,11,18,1.25588,1,0,82,11,20,-0.00180967,1,0,21,14,18,-0.769678,1,0,22,14,20,1.66091,1,0,28,1,17,-0.00832637,1,0,29,2,15,-0.0684733,1,0,59,2,16,3.6687,1,0,61,3,16,-0.192582,1,0,31,3,17,0.250409,1,0,32,4,16,-0.00425789,1,0,91,5,15,-3.94057,1,0,63,6,16,10.4138,1,0,84,7,17,0.0563881,1,0,37,8,17,-0.3813,1,0,85,10,16,5.15933,1,0,41,12,15,0.0990989,1,0,42,12,16,-18.2359,1,0,43,13,15,-3.26798,1,0,86,13,16,1.19821,1,0,96,13,17,-2.36297,1,0,64,14,17,0.014572,1,0,
2033.49
6369
0,0,1,0,1,0,1,1,2,0,2,2,3,0,0,0,4,0,0,0,5,0,0,0,6,0,0,0,7,0,0,0,8,0,1,1,9,0,2,2,10,0,0,0,11,0,0,0,12,0,0,0,13,0,0,0,14,0,0,0,15,2,-0.239702,0.272816,16,2,0.000132289,0.500135,17,2,2.0012,0.999721,18,1,-0.536755,0.100171,19,1,-0.0731987,0.425708,20,1,3.73555,1,
46,0,19,-0.180083,1,0,87,1,18,-0.536755,1,0,79,2,19,-0.0365993,1,0,66,2,20,1.86777,1,0,47,3,18,-14.3618,1,0,3,3,19,-1.36184,1,0,48,3,20,2.4626,1,0,5,4,20,0.0325387,1,0,6,5,18,0.348347,1,0,49,6,19,0.203156,1,0,15,10,18,-0.809975,1,0,16,10,19,-15.5288,1,0,68,10,20,-0.639496,1,0,17,11,18,-1.16053,1,0,82,11,20,-0.00267779,1,0,21,14,18,10.3978,1,0,22,14,20,19.5911,1,0,28,1,17,-0.00903097,1,0,29,2,15,-0.119851,1,0,59,2,16,6.61443e-05,1,0,61,3,16,0.196532,1,0,31,3,17,-0.816519,1,0,32,4,16,0.00830855,1,0,91,5,15,3.7083,1,0,63,6,16,-8.8031,1,0,84,7,17,-0.092267,1,0,37,8,17,2.01023,1,0,85,10,16,4.32658,1,0,41,12,15,-0.101307,1,0,42,12,16,3.70323,1,0,43,13,15,-5.22236,1,0,86,13,16,9.01854,1,0,96,13,17,2.89248,1,0,64,14,17,-0.0288724,1,0,
0.1
6369
0,0,1,0,1,0,5,5,2,0,5,5,3,0,0,0,4,0,0,0,5,0,0,0,6,0,2,2,7,0,2,2,8,0,5,5,9,0,5,5,10,0,0,0,11,0,0,0,12,0,0,0,13,0,2,2,14,0,2,2,15,2,-1.83537,0.000549108,16,2,64.4784,1,17,2,5.44856,1,18,1,-12.8006,1.83109e-23,19,1,0.214354,0.706139,20,1,-6.0776,1.60165e-11,
46,0,19,0.0444978,1,0,87,1,18,0.338804,1,0,79,2,19,0.0344104,1,0,66,2,20,2.06416,1,0,47,3,18,2.92435,1,0,3,3,19,0.742671,1,0,48,3,20,2.87247,1,0,5,4,20,-0.003281,1,0,6,5,18,-10.4325,1,0,49,6,19,0.0211508,1,0,15,10,18,-0.0287365,1,0,16,10,19,9.91122,1,0,68,10,20,-0.154477,1,0,17,11,18,-0.517821,1,0,82,11,20,0.00140953,1,0,21,14,18,-7.24732,1,0,22,14,20,-8.1992,1,0,28,1,17,0.00797624,1,0,29,2,15,-0.0548457,1,0,59,2,16,11.4993,1,0,61,3,16,-0.012303,1,0,31,3,17,0.714161,1,0,32,4,16,-0.00148674,1,0,91,5,15,-0.08854,1,0,63,6,16,6.45313,1,0,84,7,17,-1.63293,1,0,37,8,17,1.14063,1,0,85,10,16,0.143647,1,0,41,12,15,0.0231574,1,0,42,12,16,-3.94547,1,0,43,13,15,-0.780571,1,0,86,13,16,-2.96207,1,0,96,13,17,1.47335,1,0,64,14,17,0.0123505,1,0,
0.5
6369
0,0,1,0,1,0,2,2,2,0,2,2,3,0,0,0,4,0,0,0,5,0,0,0,6,0,5,5,7,0,5,5,8,0,2,2,9,0,2,2,10,0,0,0,11,0,0,0,12,0,0,0,13,0,5,5,14,0,5,5,15,2,-6.9146,5.22205e-13,16,2,34.4434,1,17,2,92.1953,1,18,1,23.1453,1,19,1,0.826937,0.967143,20,1,-4.95561,1.5759e-09,
46,0,19,-0.220702,1,0,87,1,18,0.609843,1,0,79,2,19,-0.00833967,1,0,66,2,20,-19.5393,1,0,47,3,18,14.0372,1,0,3,3,19,8.74998,1,0,48,3,20,-1.63142,1,0,5,4,20,-0.00623361,1,0,6,5,18,0.264809,1,0,49,6,19,0.168723,1,0,15,10,18,0.248124,1,0,16,10,19,-13.6153,1,0,68,10,20,-13.9032,1,0,17,11,18,0.0826361,1,0,82,11,20,-0.00287972,1,0,21,14,18,4.38513,1,0,22,14,20,6.82459,1,0,28,1,17,1.24353,1,0,29,2,15,0.117039,1,0,59,2,16,3.98943e-06,1,0,61,3,16,0.0154882,1,0,31,3,17,-13.4594,1,0,32,4,16,4.39472,1,0,91,5,15,-0.0729927,1,0,63,6,16,-1.95999,1,0,84,7,17,0.11427,1,0,37,8,17,-1.91984,1,0,85,10,16,-0.0821292,1,0,41,12,15,-0.0360234,1,0,42,12,16,2.75362,1,0,43,13,15,-1.42974,1,0,86,13,16,8.84867,1,0,96,13,17,18.5827,1,0,64,14,17,0.0126113,1,0,
808.2
6369
0,0,1,0,1,0,0,0,2,0,0,0,3,0,0,0,4,0,0,0,5,0,0,0,6,0,7,7,7,0,7,7,8,0,0,0,9,0,0,0,10,0,0,0,11,0,0,0,12,0,0,0,13,0,0,0,14,0,7,7,15,2,0,0.5,16,2,-61.6217,0,17,2,-0.847976,0.0302301,18,1,72.7848,1,19,1,1.42209,0.99703,20,1,137.137,1,
46,0,19,-0.180083,1,0,87,1,18,-0.536755,1,0,79,2,19,-0.0365993,1,0,66,2,20,1.86777,1,0,47,3,18,-14.3618,1,0,3,3,19,-1.36184,1,0,48,3,20,2.4626,1,0,5,4,20,0.0325387,1,0,6,5,18,0.348347,1,0,49,6,19,0.203156,1,0,15,10,18,-0.809975,1,0,16,10,19,-15.5288,1,0,68,10,20,-0.639496,1,0,17,11,18,-1.16053,1,0,82,11,20,-0.00267779,1,0,21,14,18,10.3978,1,0,22,14,20,19.5911,1,0,28,1,17,-0.00903097,1,0,29,2,15,-0.119851,1,0,59,2,16,6.61443e-05,1,0,61,3,16,0.196532,1,0,31,3,17,-0.816519,1,0,32,4,16,0.00830855,1,0,91,5,15,3.7083,1,0,63,6,16,-8.8031,1,0,84,7,17,-0.092267,1,0,37,8,17,2.01023,1,0,85,10,16,4.32658,1,0,41,12,15,-0.101307,1,0,42,12,16,3.70323,1,0,43,13,15,-5.22236,1,0,86,13,16,9.01854,1,0,96,13,17,2.89248,1,0,64,14,17,-0.0288724,1,0,
514.3
6369
0,0,1,0,1,0,0,0,2,0,0,0,3,0,0,0,4,0,3,3,5,0,3,3,6,0,7,7,7,0,4,4,8,0,0,0,9,0,0,0,10,0,0,0,11,0,3,3,12,0,3,3,13,0,1,1,14,0,4,4,15,2,-15.8679,6.52206e-29,16,2,28.0496,1,17,2,1.92563,0.99962,18,1,-23.3865,2.88107e-42,19,1,-0.416367,0.154081,20,1,20.8162,1,
46,0,19,0.134642,1,0,87,1,18,0.43688,1,0,79,2,19,0.02499,1,0,66,2,20,-0.727402,1,0,47,3,18,-10.8979,1,0,3,3,19,1.53482,1,0,48,3,20,1.14829,1,0,5,4,20,-0.0245414,1,0,6,5,18,-0.100602,1,0,49,6,19,-0.059481,1,0,15,10,18,-0.233303,1,0,16,10,19,10.1616,1,0,68,10,20,0.153095,1,0,17,11,18,-0.783085,1,0,82,11,20,0.00142106,1,0,21,14,18,-5.18385,1,0,22,14,20,5.2214,1,0,28,1,17,0.00773349,1,0,29,2,15,-0.100833,1,0,59,2,16,-7.66997e-05,1,0,61,3,16,0.198446,1,0,31,3,17,18.8697,1,0,32,4,16,-0.00442194,1,0,91,5,15,-3.38976,1,0,63,6,16,-4.75481,1,0,84,7,17,0.0673459,1,0,37,8,17,1.63893,1,0,85,10,16,-2.25237,1,0,41,12,15,-0.0930135,1,0,42,12,16,19.5196,1,0,43,13,15,-5.41961,1,0,86,13,16,2.78767,1,0,96,13,17,1.62021,1,0,64,14,17,0.00900795,1,0,
0.1
6369
0,0,1,0,1,0,0,0,2,0,0,0,3,0,0,0,4,0,6,6,5,0,6,6,6,0,7,7,7,0,1,1,8,0,0,0,9,0,0,0,10,0,0,0,11,0,4,4,12,0,6,6,13,0,7,7,14,0,1,1,15,2,-5.41504,2.40686e-10,16,2,94.1357,1,17,2,-7.79903,1.40234e-14,18,1,-6.897,5.61191e-13,19,1,-0.0936507,0.405396,20,1,28.3487,1,
46,0,19,0.141052,1,0,87,1,18,0.357601,1,0,79,2,19,-0.0186514,1,0,66,2,20,1.82793,1,0,47,3,18,13.617,1,0,3,3,19,-0.216115,1,0,48,3,20,-1.50938,1,0,5,4,20,0.0182033,1,0,6,5,18,0.310919,1,0,49,6,19,-0.0133787,1,0,15,10,18,9.18966,1,0,16,10,19,-6.0425,1,0,68,10,20,0.0211559,1,0,17,11,18,-0.398849,1,0,82,11,20,7.48142,1,0,21,14,18,-7.16712,1,0,22,14,20,-1.68622,1,0,28,1,17,-0.00323663,1,0,29,2,15,-0.121706,1,0,59,2,16,7.41708e-06,1,0,61,3,16,18.4808,1,0,31,3,17,0.0429761,1,0,32,4,16,-0.00793258,1,0,91,5,15,1.7017,1,0,63,6,16,10.384,1,0,84,7,17,0.109076,1,0,37,8,17,2.00985,1,0,85,10,16,-5.07307,1,0,41,12,15,0.0963607,1,0,42,12,16,-0.240308,1,0,43,13,15,-2.31478,1,0,86,13,16,3.27671,1,0,96,13,17,-1.13146,1,0,64,14,17,0.0121059,1,0,
1921.6
6369
0,0,1,0,1,0,1,1,2,0,5,5,3,0,0,0,4,0,0,0,5,0,0,0,6,0,0,0,7,0,0,0,8,0,1,1,9,0,5,5,10,0,0,0,11,0,0,0,12,0,0,0,13,0,0,0,14,0,0,0,15,2,-0.599255,0.0793688,16,2,0.000330722,0.500338,17,2,2.0012,0.999721,18,1,-0.536755,0.100171,19,1,-0.182997,0.321158,20,1,9.33887,1,
46,0,19,-0.180083,1,0,87,1,18,-0.536755,1,0,79,2,19,-0.0365993,1,0,66,2,20,1.86777,1,0,47,3,18,-14.3618,1,0,3,3,19,-1.36184,1,0,48,3,20,2.4626,1,0,5,4,20,0.0325387,1,0,6,5,18,0.348347,1,0,49,6,19,0.203156,1,0,15,10,18,-0.809975,1,0,16,10,19,-15.5288,1,0,68,10,20,-0.639496,1,0,17,11,18,-1.16053,1,0,82,11,20,-0.00267779,1,0,21,14,18,10.3978,1,0,22,14,20,19.5911,1,0,28,1,17,-0.00903097,1,0,29,2,15,-0.119851,1,0,59,2,16,6.61443e-05,1,0,61,3,16,0.196532,1,0,31,3,17,-0.816519,1,0,32,4,16,0.00830855,1,0,91,5,15,3.7083,1,0,63,6,16,-8.8031,1,0,84,7,17,-0.092267,1,0,37,8,17,2.01023,1,0,85,10,16,4.32658,1,0,41,12,15,-0.101307,1,0,42,12,16,3.70323,1,0,43,13,15,-5.22236,1,0,86,13,16,9.01854,1,0,96,13,17,2.89248,1,0,64,14,17,-0.0288724,1,0,
0
6369
0,0,1,0,1,0,4,4,2,0,4,4,3,0,0,0,4,0,0,0,5,0,0,0,6,0,3,3,7,0,3,3,8,0,4,4,9,0,4,4,10,0,0,0,11,0,0,0,12,0,0,0,13,0,3,3,14,0,3,3,15,2,-16.1465,2.08722e-29,16,2,10.195,1,17,2,16.3188,1,18,1,29.0465,1,19,1,0.46307,0.869206,20,1,66.2443,1,21,1,0,0.5,
46,0,19,-0.180083,1,0,87,1,18,-0.536755,1,0,79,2,19,-0.0365993,1,0,66,2,20,1.86777,1,0,47,3,18,-14.3618,1,0,3,3,19,-1.36184,1,0,48,3,20,2.4626,1,0,5,4,20,0.0325387,1,0,6,5,18,0.348347,1,0,49,6,19,0.203156,1,0,15,10,18,-0.809975,1,0,16,10,19,-15.5288,1,0,68,10,20,-0.639496,1,0,17,11,18,-1.16053,1,0,82,11,20,-0.00267779,1,0,21,14,18,10.3978,1,0,22,14,20,19.5911,1,0,28,1,17,-0.00903097,1,0,29,2,15,-0.119851,1,0,59,2,16,6.61443e-05,1,0,61,3,16,0.196532,1,0,31,3,17,-0.816519,1,0,32,4,16,0.00830855,1,0,91,5,15,3.7083,1,0,63,6,16,-8.8031,1,0,84,7,17,-0.092267,1,0,37,8,17,2.01023,1,0,85,10,16,4.32658,0,0,41,12,15,-0.101307,1,0,42,12,16,3.70323,1,0,43,13,15,-5.22236,1,0,86,13,16,9.01854,1,0,96,13,17,2.89248,1,0,64,14,17,-0.0288724,1,0,113,10,21,4.32658,1,0,100,21,16,19.0969,1,0,
0.5
6369
0,0,1,0,1,0,2,2,2,0,2,2,3,0,0,0,4,0,0,0,5,0,0,0,6,0,5,5,7,0,5,5,8,0,2,2,9,0,2,2,10,0,0,0,11,0,0,0,12,0,0,0,13,0,5,5,14,0,5,5,15,2,-12.6779,3.02526e-23,16,2,-16.2436,1.40305e-29,17,2,-10.9909,3.0013e-20,18,1,11.9386,1,19,1,0.0672481,0.568331,20,1,79.6932,1,
46,0,19,19.4371,1,0,87,1,18,0.555782,1,0,79,2,19,-0.0261792,1,0,66,2,20,1.05619,1,0,47,3,18,-11.7811,1,0,3,3,19,-0.568056,1,0,48,3,20,-2.51218,1,0,5,4,20,-0.0168762,1,0,6,5,18,0.254653,1,0,49,6,19,0.0239213,1,0,15,10,18,-2.30238,1,0,16,10,19,5.48192,1,0,68,10,20,0.144355,1,0,17,11,18,0.58834,1,0,82,11,20,0.00259261,1,0,21,14,18,2.16541,1,0,22,14,20,15.5162,1,0,28,1,17,-0.00664731,1,0,29,2,15,0.0400349,1,0,59,2,16,6.14003e-05,1,0,61,3,16,0.204032,1,0,31,3,17,-0.656718,1,0,32,4,16,-18.8732,1,0,91,5,15,-2.39161,1,0,63,6,16,-4.30218,1,0,84,7,17,-0.0880212,1,0,37,8,17,-1.44052,1,0,85,10,16,-0.951596,1,0,41,12,15,0.0317129,1,0,42,12,16,-3.5519,1,0,43,13,15,-2.55159,1,0,86,13,16,1.05344,1,0,96,13,17,-1.54671,1,0,64,14,17,0.0154231,1,0,
0.4
6369
0,0,1,0,1,0,2,2,2,0,2,2,3,0,0,0,4,0,0,0,5,0,0,0,6,0,5,5,7,0,5,5,8,0,2,2,9,0,2,2,10,0,0,0,11,0,0,0,12,0,0,0,13,0,5,5,14,0,5,5,15,2,-24.6809,1.4013e-44,16,2,11.6773,1,17,2,55.7963,1,18,1,-32.6544,0,19,1,0.585762,0.916504,20,1,-73.8308,0,
46,0,19,0.115018,1,0,87,1,18,-0.226397,1,0,79,2,19,-0.0222199,1,0,66,2,20,-2.04203,1,0,47,3,18,0.0554416,1,0,3,3,19,0.0548277,1,0,48,3,20,0.313286,1,0,5,4,20,-0.0349216,1,0,6,5,18,-0.331741,1,0,49,6,19,0.12604,1,0,15,10,18,0.0903475,1,0,16,10,19,14.236,1,0,68,10,20,7.6078,1,0,17,11,18,0.494579,1,0,82,11,20,0.000828728,1,0,21,14,18,-6.44033,1,0,22,14,20,-13.9494,1,0,28,1,17,0.00999119,1,0,29,2,15,-0.0400794,1,0,59,2,16,7.95704e-06,1,0,61,3,16,-0.00700553,1,0,31,3,17,11.2876,1,0,32,4,16,10.6791,1,0,91,5,15,-0.273762,1,0,63,6,16,-1.79489,1,0,84,7,17,-0.00485364,1,0,37,8,17,13.5139,1,0,85,10,16,0.899818,1,0,41,12,15,-0.13475,1,0,42,12,16,3.66377,1,0,43,13,15,-4.92014,1,0,86,13,16,4.13034,1,0,96,13,17,2.56612,1,0,64,14,17,3.18846,1,0,
0.1
6369
0,0,1,0,1,0,3,3,2,0,3,3,3,0,0,0,4,0,0,0,5,0,0,0,6,0,4,4,7,0,4,4,8,0,3,3,9,0,3,3,10,0,0,0,11,0,0,0,12,0,0,0,13,0,4,4,14,0,4,4,15,2,24.7902,1,16,2,4.0473,1,17,2,42.1061,1,18,1,-66.9701,0,19,1,-0.896661,0.024908,20,1,38.2932,1,
46,0,19,-0.0897934,1,0,87,1,18,0.0915774,1,0,79,2,19,0.00713008,1,0,66,2,20,-0.527628,1,0,47,3,18,-12.0252,1,0,3,3,19,-0.746908,1,0,48,3,20,0.856909,1,0,5,4,20,0.0367693,1,0,6,5,18,-0.153,1,0,49,6,19,-0.229513,1,0,15,10,18,0.448445,1,0,16,10,19,-7.111,1,0,68,10,20,-0.650764,1,0,17,11,18,0.16246,1,0,82,11,20,-0.00138083,1,0,21,14,18,-16.8112,1,0,22,14,20,9.96902,1,0,28,1,17,0.00783368,1,0,29,2,15,-0.0783977,1,0,59,2,16,-1.27234e-05,1,0,61,3,16,-0.0811237,1,0,31,3,17,-0.0172167,1,0,32,4,16,-0.00130725,1,0,91,5,15,-3.15034,1,0,63,6,16,-7.52948,1,0,84,7,17,0.0065543,1,0,37,8,17,-1.30429,1,0,85,10,16,-0.0104804,1,0,41,12,15,-0.0625205,1,0,42,12,16,0.770242,1,0,43,13,15,6.25636,1,0,86,13,16,8.54132,1,0,96,13,17,-2.25604,1,0,64,14,17,13.7484,1,0,
0.3
6369
0,0,1,0,1,0,0,0,2,0,0,0,3,0,0,0,4,0,0,0,5,0,0,0,6,0,7,7,7,0,7,7,8,0,0,0,9,0,0,0,10,0,0,0,11,0,0,0,12,0,0,0,13,0,7,7,14,0,7,7,15,2,33.35,1,16,2,30.5575,1,17,2,-3.46668,6.95435e-07,18,1,0.757669,0.956846,19,1,-1.20691,0.00713011,20,1,-94.7771,0,
46,0,19,-0.165131,1,0,87,1,18,0.543907,1,0,79,2,19,-0.0304252,1,0,66,2,20,-2.23642,1,0,47,3,18,2.97145,1,0,3,3,19,1.41125,1,0,48,3,20,-0.555251,1,0,5,4,20,-0.0360416,1,0,6,5,18,0.0986363,1,0,49,6,19,-0.172416,1,0,15,10,18,19.199,1,0,16,10,19,-18.0606,1,0,68,10,20,-0.748634,1,0,17,11,18,1.46175,1,0,82,11,20,-0.000461781,1,0,21,14,18,0.108238,1,0,22,14,20,-13.5396,1,0,28,1,17,0.00413993,1,0,29,2,15,-14.419,1,0,59,2,16,2.48003e-05,1,0,61,3,16,-0.00637477,1,0,31,3,17,0.797958,1,0,32,4,16,0.00170051,1,0,91,5,15,-0.424935,1,0,63,6,16,8.23076,1,0,84,7,17,0.0457845,1,0,37,8,17,-3.54415,1,0,85,10,16,2.94104,1,0,41,12,15,0.0496885,1,0,42,12,16,-1.4708,1,0,43,13,15,4.76428,1,0,86,13,16,-3.8654,1,0,96,13,17,-0.548624,1,0,64,14,17,0.00759925,1,0,
0.1
6369
0,0,1,0,1,0,1,1,2,0,1,1,3,0,0,0,4,0,0,0,5,0,0,0,6,0,6,6,7,0,6,6,8,0,0,0,9,0,1,1,10,0,0,0,11,0,0,0,12,0,0,0,13,0,6,6,14,0,6,6,15,2,-23.781,5.73131e-43,16,2,-45.9427,0,17,2,-16.3297,9.86568e-30,18,1,-7.1655,1.87142e-13,19,1,0.0579343,0.558962,20,1,-54.8017,0,
46,0,19,0.0315587,1,0,87,1,18,0.377937,1,0,79,2,19,0.0126244,1,0,66,2,20,1.21826,1,0,47,3,18,1.78114,1,0,3,3,19,-1.15303,1,0,48,3,20,1.66552,1,0,5,4,20,-0.0139037,1,0,6,5,18,-0.0616503,1,0,49,6,19,0.00755165,1,0,15,10,18,-0.50857,1,0,16,10,19,-4.29197,1,0,68,10,20,11.0124,1,0,17,11,18,0.0449278,1,0,82,11,20,0.00201756,1,0,21,14,18,-1.25724,1,0,22,14,20,-9.33667,1,0,28,1,17,-0.00937555,1,0,29,2,15,-0.142136,1,0,59,2,16,-4.48871e-05,1,0,61,3,16,-0.200584,1,0,31,3,17,19.2476,1,0,32,4,16,-0.00596932,1,0,91,5,15,-4.11603,1,0,63,6,16,-9.3993,1,0,84,7,17,-0.0931489,1,0,37,8,17,1.96527,1,0,85,10,16,3.11556,1,0,41,12,15,-0.0684138,1,0,42,12,16,-4.2798,1,0,43,13,15,-3.93981,1,0,86,13,16,1.7422,1,0,96,13,17,-2.60796,1,0,64,14,17,-0.0189496,1,0,
2434.8
6369
0,0,1,0,1,0,1,1,2,0,5,5,3,0,0,0,4,0,0,0,5,0,0,0,6,0,0,0,7,0,0,0,8,0,1,1,9,0,5,5,10,0,0,0,11,0,0,0,12,0,0,0,13,0,0,0,14,0,0,0,15,2,-0.599255,0.0793688,16,2,0.000330722,0.500338,17,2,2.0012,0.999721,18,1,-0.536755,0.100171,19,1,-0.182997,0.321158,20,1,9.33887,1,
46,0,19,-0.180083,1,0,87,1,18,-0.536755,1,0,79,2,19,-0.0365993,1,0,66,2,20,1.86777,1,0,47,3,18,-14.3618,1,0,3,3,19,-1.36184,1,0,48,3,20,2.4626,1,0,5,4,20,0.0325387,1,0,6,5,18,0.348347,1,0,49,6,19,0.203156,1,0,15,10,18,-0.809975,1,0,16,10,19,-15.5288,1,0,68,10,20,-0.639496,1,0,17,11,18,-1.16053,1,0,82,11,20,-0.00267779,1,0,21,14,18,10.3978,1,0,22,14,20,19.5911,1,0,28,1,17,-0.00903097,1,0,29,2,15,-0.119851,1,0,59,2,16,6.61443e-05,1,0,61,3,16,0.196532,1,0,31,3,17,-0.816519,1,0,32,4,16,0.00830855,1,0,91,5,15,3.7083,1,0,63,6,16,-8.8031,1,0,84,7,17,-0.092267,1,0,37,8,17,2.01023,1,0,85,10,16,4.32658,1,0,41,12,15,-0.101307,1,0,42,12,16,3.70323,1,0,43,13,15,-5.22236,1,0,86,13,16,9.01854,1,0,96,13,17,2.89248,1,0,64,14,17,-0.0288724,1,0,
0
6369
0,0,1,0,1,0,4,4,2,0,4,4,3,0,2,2,4,0,2,2,5,0,2,2,6,0,3,3,7,0,3,3,8,0,4,4,9,0,4,4,10,0,2,2,11,0,2,2,12,0,2,2,13,0,3,3,14,0,3,3,15,2,-25.1024,2.8026e-45,16,2,4.15442,1,17,2,-15.1498,1.23034e-27,18,1,-26.3516,0,19,1,24.6629,1,20,1,17.3154,1,
46,0,19,0.151839,1,0,87,1,18,-0.444773,1,0,79,2,19,-0.0341054,1,0,66,2,20,1.07229,1,0,47,3,18,0.115345,1,0,3,3,19,0.507472,1,0,48,3,20,-1.0094,1,0,5,4,20,0.00629461,1,0,6,5,18,-0.339797,1,0,49,6,19,0.153954,1,0,15,10,18,-0.0208135,1,0,16,10,19,11.6613,1,0,68,10,20,0.677558,1,0,17,11,18,0.627016,1,0,82,11,20,-0.00126372,1,0,21,14,18,-8.44534,1,0,22,14,20,4.55996,1,0,28,1,17,-18.7392,1,0,29,2,15,-0.0854264,1,0,59,2,16,-3.26734e-05,1,0,61,3,16,-0.0390157,1,0,31,3,17,-0.177026,1,0,32,4,16,0.00528477,1,0,91,5,15,-3.61186,1,0,63,6,16,-1.39193,1,0,84,7,17,-0.00722708,1,0,37,8,17,14,1,0,85,10,16,-1.4458,1,0,41,12,15,0.0913601,1,0,42,12,16,0.24879,1,0,43,13,15,-5.90657,1,0,86,13,16,3.59728,1,0,96,13,17,1.36343,1,0,64,14,17,0.0309401,1,0,
0.1
6369
0,0,1,0,1,0,1,1,2,0,1,1,3,0,0,0,4,0,0,0,5,0,0,0,6,0,6,6,7,0,6,6,8,0,1,1,9,0,1,1,10,0,0,0,11,0,0,0,12,0,0,0,13,0,6,6,14,0,6,6,15,2,11.1398,1,16,2,-60.9953,0,17,2,6.81564,1,18,1,13.5199,1,19,1,1.2149,0.993097,20,1,-107.756,0,
46,0,19,-0.166711,1,0,87,1,18,0.157972,1,0,79,2,19,-0.0221013,1,0,66,2,20,1.01484,1,0,47,3,18,13.2981,1,0,3,3,19,1.16736,1,0,48,3,20,-0.0808764,1,0,5,4,20,0.00402547,1,0,6,5,18,0.406999,1,0,49,6,19,0.206167,1,0,15,10,18,0.663954,1,0,16,10,19,0.972674,1,0,68,10,20,0.293432,1,0,17,11,18,-0.780382,1,0,82,11,20,-0.000900141,1,0,21,14,18,2.22699,1,0,22,14,20,-18.1285,1,0,28,1,17,0.00741234,1,0,29,2,15,-0.00429245,1,0,59,2,16,-3.77004e-06,1,0,61,3,16,0.00977417,1,0,31,3,17,-0.626891,1,0,32,4,16,-0.733393,1,0,91,5,15,-0.873196,1,0,63,6,16,-1.23891,1,0,84,7,17,0.0495604,1,0,37,8,17,2.10899,1,0,85,10,16,-0.583814,1,0,41,12,15,-0.102533,1,0,42,12,16,-4.01588,1,0,43,13,15,1.85734,1,0,86,13,16,-8.92697,1,0,96,13,17,0.722025,1,0,64,14,17,0.0116203,1,0,
0
6369
0,0,1,0,1,0,1,1,2,0,1,1,3,0,0,0,4,0,0,0,5,0,0,0,6,0,6,6,7,0,5,5,8,0,1,1,9,0,1,1,10,0,0,0,11,0,0,0,12,0,0,0,13,0,6,6,14,0,5,5,15,2,-31.454,0,16,2,1.29267,0.994969,17,2,18.7504,1,18,1,51.4524,1,19,1,1.18234,0.992122,20,1,99.8231,1,
46,0,19,-0.180083,1,0,87,1,18,-0.536755,1,0,79,2,19,-0.0365993,1,0,66,2,20,1.86777,1,0,47,3,18,-14.3618,1,0,3,3,19,-1.36184,1,0,48,3,20,2.4626,1,0,5,4,20,0.0325387,1,0,6,5,18,0.348347,1,0,49,6,19,0.203156,1,0,15,10,18,-0.809975,1,0,16,10,19,-15.5288,1,0,68,10,20,-0.639496,1,0,17,11,18,-1.16053,1,0,82,11,20,-0.00267779,1,0,21,14,18,10.3978,1,0,22,14,20,19.5911,1,0,28,1,17,-0.00903097,1,0,29,2,15,-0.119851,1,0,59,2,16,6.61443e-05,1,0,61,3,16,0.196532,1,0,31,3,17,-0.816519,1,0,32,4,16,0.00830855,1,0,91,5,15,3.7083,1,0,63,6,16,-8.8031,1,0,84,7,17,-0.092267,1,0,37,8,17,2.01023,1,0,85,10,16,4.32658,1,0,41,12,15,-0.101307,1,0,42,12,16,3.70323,1,0,43,13,15,-5.22236,1,0,86,13,16,9.01854,1,0,96,13,17,2.89248,1,0,64,14,17,-0.0288724,1,0,
0.1
6369
0,0,1,0,1,0,5,5,2,0,7,7,3,0,2,2,4,0,2,2,5,0,0,0,6,0,0,0,7,0,0,0,8,0,5,5,9,0,0,0,10,0,2,2,11,0,2,2,12,0,0,0,13,0,0,0,14,0,0,0,15,2,-0.461825,0.131374,16,2,-3.64861,3.30444e-07,17,2,4.82165,1,18,1,14.1231,1,19,1,-12.7721,2.0578e-23,20,1,35.3097,1,
46,0,19,-0.068176,1,0,87,1,18,-0.566034,1,0,79,2,19,-4.8882,1,0,66,2,20,-0.518384,1,0,47,3,18,9.81918,1,0,3,3,19,0.313511,1,0,48,3,20,0.39861,1,0,5,4,20,0.0298985,1,0,6,5,18,0.324014,1,0,49,6,19,-0.120432,1,0,15,10,18,-0.390579,1,0,16,10,19,10.4092,1,0,68,10,20,19.0375,1,0,17,11,18,-0.951956,1,0,82,11,20,0.00320442,1,0,21,14,18,-5.19224,1,0,22,14,20,-15.1056,1,0,28,1,17,-0.0047415,1,0,29,2,15,-0.065975,1,0,59,2,16,-4.59553e-05,1,0,61,3,16,-0.0355583,1,0,31,3,17,-0.202607,1,0,32,4,16,0.00878137,1,0,91,5,15,0.958139,1,0,63,6,16,-4.66743,1,0,84,7,17,-0.0671113,1,0,37,8,17,1.05011,1,0,85,10,16,-1.79737,1,0,41,12,15,0.0305247,1,0,42,12,16,-0.732498,1,0,43,13,15,-0.830615,1,0,86,13,16,-10.0652,1,0,96,13,17,3.06034,1,0,64,14,17,0.013753,1,0,
0.2
6369
0,0,1,0,1,0,2,2,2,0,2,2,3,0,0,0,4,0,0,0,5,0,0,0,6,0,5,5,7,0,5,5,8,0,2,2,9,0,2,2,10,0,0,0,11,0,0,0,12,0,0,0,13,0,5,5,14,0,5,5,15,2,-7.04781,3.0285e-13,16,2,-55.6618,0,17,2,-11.6335,2.16678e-21,18,1,1.46921,0.99755,19,1,0.24837,0.73416,20,1,85.8108,1,
46,0,19,0.0944493,1,0,87,1,18,0.363159,1,0,79,2,19,0.0380336,1,0,66,2,20,1.70871,1,0,47,3,18,2.57628,1,0,3,3,19,-0.647185,1,0,48,3,20,-0.239385,1,0,5,4,20,-0.0154497,1,0,6,5,18,-0.337559,1,0,49,6,19,0.0344606,1,0,15,10,18,0.650676,1,0,16,10,19,-0.262964,1,0,68,10,20,0.428142,1,0,17,11,18,0.802696,1,0,82,11,20,0.00245727,1,0,21,14,18,0.148578,1,0,22,14,20,16.4787,1,0,28,1,17,-0.00374185,1,0,29,2,15,0.0206002,1,0,59,2,16,4.9596e-05,1,0,61,3,16,-0.0963833,1,0,31,3,17,-0.39337,1,0,32,4,16,-0.00533972,1,0,91,5,15,16.33,1,0,63,6,16,-2.15302,1,0,84,7,17,-0.0665506,1,0,37,8,17,1.25015,1,0,85,10,16,1.84278,1,0,41,12,15,-0.0166263,1,0,42,12,16,3.30107,1,0,43,13,15,-1.4178,1,0,86,13,16,-8.97935,1,0,96,13,17,-2.76696,1,0,64,14,17,0.00824122,1,0,
0.5
6369
0,0,1,0,1,0,5,5,2,0,5,5,3,0,0,0,4,0,0,0,5,0,0,0,6,0,2,2,7,0,2,2,8,0,5,5,9,0,5,5,10,0,0,0,11,0,0,0,12,0,0,0,13,0,2,2,14,0,2,2,15,2,9.02359,1,16,2,46.334,1,17,2,11.0258,1,18,1,15.2715,1,19,1,-11.3678,6.42335e-21,20,1,-57.3296,0,
46,0,19,-0.0463592,1,0,87,1,18,0.535674,1,0,79,2,19,-0.0383102,1,0,66,2,20,-9.17331,1,0,47,3,18,-6.51367,1,0,3,3,19,1.42132,1,0,48,3,20,0.051512,1,0,5,4,20,-0.0286109,1,0,6,5,18,0.368778,1,0,49,6,19,-5.58813,1,0,15,10,18,-0.264421,1,0,16,10,19,-7.91143,1,0,68,10,20,13.5633,1,0,17,11,18,0.0538037,1,0,82,11,20,-0.00181019,1,0,21,14,18,6.29655,1,0,22,14,20,-5.73155,1,0,28,1,17,-0.00544781,1,0,29,2,15,-0.121834,1,0,59,2,16,3.15369,1,0,61,3,16,0.128112,1,0,31,3,17,0.8452,1,0,32,4,16,-0.00963729,1,0,91,5,15,2.3959,1,0,63,6,16,5.80518,1,0,84,7,17,-0.0188088,1,0,37,8,17,1.77143,1,0,85,10,16,4.78555,1,0,41,12,15,-0.0649851,1,0,42,12,16,-3.77611,1,0,43,13,15,4.81638,1,0,86,13,16,9.47758,1,0,96,13,17,1.13808,1,0,64,14,17,-0.0213473,1,0,
0
6369
0,0,1,0,1,0,1,1,2,0,4,4,3,0,4,4,4,0,6,6,5,0,3,3,6,0,3,3,7,0,1,1,8,0,1,1,9,0,4,4,10,0,4,4,11,0,6,6,12,0,3,3,13,0,1,1,14,0,1,1,15,2,2.66448,0.999982,16,2,104.749,1,17,2,-12.4179,8.75989e-23,18,1,30.12,1,19,1,52.1237,1,20,1,11.2366,1,
46,0,19,0.00741247,1,0,87,1,18,-9.25057,1,0,79,2,19,0.0397395,1,0,66,2,20,0.145149,1,0,47,3,18,7.8517,1,0,3,3,19,-0.295224,1,0,48,3,20,0.171703,1,0,5,4,20,0.00143797,1,0,6,5,18,0.129436,1,0,49,6,19,-0.092425,1,0,15,10,18,0.824835,1,0,16,10,19,13.3557,1,0,68,10,20,-0.463253,1,0,17,11,18,0.340965,1,0,82,11,20,-0.000270592,1,0,21,14,18,2.23035,1,0,22,14,20,11.8152,1,0,28,1,17,-0.006245,1,0,29,2,15,0.0491368,1,0,59,2,16,5.52999e-05,1,0,61,3,16,19.2956,1,0,31,3,17,-0.162675,1,0,32,4,16,-0.00346519,1,0,91,5,15,2.19603,1,0,63,6,16,9.2667,1,0,84,7,17,-12.6075,1,0,37,8,17,-1.47111,1,0,85,10,16,2.14522,1,0,41,12,15,0.0833187,1,0,42,12,16,-4.55,1,0,43,13,15,-4.37012,1,0,86,13,16,4.8565,1,0,96,13,17,2.31679,1,0,64,14,17,0.000899636,1,0,
0.6
6369
0,0,1,0,1,0,2,2,2,0,2,2,3,0,0,0,4,0,0,0,5,0,0,0,6,0,5,5,7,0,5,5,8,0,2,2,9,0,2,2,10,0,0,0,11,0,0,0,12,0,0,0,13,0,5,5,14,0,5,5,15,2,17.1682,1,16,2,79.765,1,17,2,8.47726,1,18,1,45.4267,1,19,1,0.579793,0.914617,20,1,102.255,1,
46,0,19,-0.136317,1,0,87,1,18,-0.349608,1,0,79,2,19,0.0351112,1,0,66,2,20,-1.91143,1,0,47,3,18,17.3683,1,0,3,3,19,0.764377,1,0,48,3,20,-6.96559,1,0,5,4,20,0.0217003,1,0,6,5,18,0.208926,1,0,49,6,19,0.101914,1,0,15,10,18,-0.409637,1,0,16,10,19,12.1609,1,0,68,10,20,-0.028219,1,0,17,11,18,-0.95199,1,0,82,11,20,-0.000123502,1,0,21,14,18,9.22517,1,0,22,14,20,21.2155,1,0,28,1,17,-0.00349973,1,0,29,2,15,0.555279,1,0,59,2,16,-5.82899e-05,1,0,61,3,16,0.172561,1,0,31,3,17,-0.0379664,1,0,32,4,16,0.0098013,1,0,91,5,15,0.128858,1,0,63,6,16,7.19797,1,0,84,7,17,0.0684801,1,0,37,8,17,1.96915,1,0,85,10,16,-2.85752,1,0,41,12,15,0.109252,1,0,42,12,16,-15.6866,1,0,43,13,15,3.21153,1,0,86,13,16,8.75506,1,0,96,13,17,0.823146,1,0,64,14,17,0.0175677,1,0,
0.5
6369
0,0,1,0,1,0,1,1,2,0,1,1,3,0,0,0,4,0,0,0,5,0,0,0,6,0,6,6,7,0,6,6,8,0,1,1,9,0,1,1,10,0,0,0,11,0,0,0,12,0,0,0,13,0,6,6,14,0,6,6,15,2,37.5363,1,16,2,-57.9783,0,17,2,5.67853,1,18,1,52.6461,1,19,1,0.0906275,0.59162,20,1,18.7866,1,
46,0,19,0.143978,1,0,87,1,18,0.515388,1,0,79,2,19,-0.0236949,1,0,66,2,20,1.67228,1,0,47,3,18,-1.94677,1,0,3,3,19,8.07747,1,0,48,3,20,-2.92729,1,0,5,4,20,6.05286,1,0,6,5,18,-0.320164,1,0,49,6,19,0.0190537,1,0,15,10,18,-0.897501,1,0,16,10,19,-3.40674,1,0,68,10,20,0.559947,1,0,17,11,18,0.269753,1,0,82,11,20,0.000267368,1,0,21,14,18,8.68845,1,0,22,14,20,2.85239,1,0,28,1,17,-0.010487,1,0,29,2,15,0.0445097,1,0,59,2,16,5.42287e-05,1,0,61,3,16,0.213886,1,0,31,3,17,0.336564,1,0,32,4,16,0.00219208,1,0,91,5,15,-0.984235,1,0,63,6,16,-4.17263,1,0,84,7,17,0.0190683,1,0,37,8,17,-0.264975,1,0,85,10,16,12.6346,1,0,41,12,15,0.0820172,1,0,42,12,16,3.09173,1,0,43,13,15,6.24863,1,0,86,13,16,-5.49042,1,0,96,13,17,1.00047,1,0,64,14,17,-0.0272005,1,0,
0
6369
0,0,1,0,1,0,4,4,2,0,4,4,3,0,1,1,4,0,1,1,5,0,1,1,6,0,3,3,7,0,3,3,8,0,4,4,9,0,4,4,10,0,1,1,11,0,1,1,12,0,1,1,13,0,3,3,14,0,3,3,15,3,-14.806,5.01963e-27,16,3,34.6674,1,17,3,-5.70826,7.25469e-11,18,2,-11.3885,5.90257e-21,19,1,17.2059,1,20,1,-67.927,0,21,1,-6.70488,1.23129e-12,
46,0,19,0.198577,1,0,87,1,18,0.361509,1,0,79,2,19,-0.0340478,1,0,66,2,20,-0.501524,1,0,47,3,18,-13.6647,1,0,3,3,19,1.54111,1,0,48,3,20,1.54663,1,0,5,4,20,-5.14002,1,0,6,5,18,-0.253776,1,0,49,6,19,-0.15125,1,0,15,10,18,-0.178779,1,0,16,10,19,16.2547,1,0,68,10,20,-0.045954,1,0,17,11,18,1.26278,1,0,82,11,20,0.000764003,1,0,21,14,18,-2.23496,0,0,22,14,20,-20.7608,1,0,28,1,17,0.00172591,1,0,29,2,15,-0.0945644,1,0,59,2,16,9.63062e-06,1,0,61,3,16,-0.176833,1,0,31,3,17,0.429487,1,0,32,4,16,0.0024513,1,0,91,5,15,-2.41443,1,0,63,6,16,5.43294,1,0,84,7,17,-0.0303156,1,0,37,8,17,-0.944035,1,0,85,10,16,5.07665,1,0,41,12,15,-0.120302,1,0,42,12,16,-5.85643,1,0,43,13,15,-3.96433,1,0,86,13,16,6.44089,1,0,96,13,17,-0.736957,1,0,64,14,17,-0.0222311,1,0,108,14,21,-2.23496,1,0,105,21,18,17.9119,1,0,
0.5
6427
0,0,1,0,1,0,5,5,2,0,5,5,3,0,0,0,4,0,0,0,5,0,0,0,6,0,2,2,7,0,2,2,8,0,5,5,9,0,5,5,10,0,0,0,11,0,0,0,12,0,0,0,13,0,2,2,14,0,2,2,15,2,9.35088,1,16,2,4.4323,1,17,2,3.16099,0.999998,18,1,0.239067,0.726668,19,1,18.1462,1,20,1,12.0306,1,
46,0,19,-0.0926692,1,0,87,1,18,3.74283,1,0,79,2,19,-0.0170052,1,0,66,2,20,1.34765,1,0,47,3,18,-18.0125,1,0,3,3,19,-0.856398,1,0,48,3,20,2.19578,1,0,5,4,20,0.0125234,1,0,6,5,18,0.192665,1,0,49,6,19,9.1156,1,0,15,10,18,-0.0476812,1,0,16,10,19,-5.64769,1,0,68,10,20,0.00854383,1,0,17,11,18,0.781152,1,0,82,11,20,6.71545e-06,1,0,21,14,18,-9.23753,1,0,22,14,20,2.64614,1,0,28,1,17,-0.000149866,1,0,29,2,15,-0.0871031,1,0,59,2,16,-2.98526e-05,1,0,61,3,16,-0.0438561,1,0,31,3,17,-0.00465593,1,0,32,4,16,0.00420374,1,0,91,5,15,1.08106,1,0,63,6,16,0.163357,1,0,84,7,17,0.0421385,1,0,37,8,17,0.574478,1,0,85,10,16,-0.933743,1,0,41,12,15,-0.0723574,1,0,42,12,16,0.215812,1,0,43,13,15,4.8932,1,0,86,13,16,2.05287,1,0,96,13,17,0.08686,1,0,64,14,17,0.0156739,1,0,
0.3
6369
0,0,1,0,1,0,2,2,2,0,2,2,3,0,0,0,4,0,0,0,5,0,0,0,6,0,5,5,7,0,5,5,8,0,2,2,9,0,2,2,10,0,0,0,11,0,0,0,12,0,0,0,13,0,5,5,14,0,5,5,15,2,4.61839,1,16,2,-6.20429,9.53973e-12,17,2,1.26015,0.994257,18,1,-1.16614,0.00841316,19,1,-10.3492,4.14078e-19,20,1,16.447,1,
46,0,19,-0.0250775,1,0,87,1,18,0.461405,1,0,79,2,19,9.95555,1,0,66,2,20,-0.719176,1,0,47,3,18,-16.3034,1,0,3,3,19,0.37502,1,0,48,3,20,-1.32075,1,0,5,4,20,-0.0199739,1,0,6,5,18,-0.294849,1,0,49,6,19,-6.05206,1,0,15,10,18,-0.045872,1,0,16,10,19,-16.98,1,0,68,10,20,0.19734,1,0,17,11,18,0.374286,1,0,82,11,20,0.000250627,1,0,21,14,18,-0.41779,1,0,22,14,20,3.57707,1,0,28,1,17,0.000360378,1,0,29,2,15,-9.61904,1,0,59,2,16,-6.197e-05,1,0,61,3,16,0.0993163,1,0,31,3,17,-0.0116066,1,0,32,4,16,0.00284737,1,0,91,5,15,-3.27639,1,0,63,6,16,2.68161,1,0,84,7,17,-0.0594141,1,0,37,8,17,0.673969,1,0,85,10,16,5.4335,1,0,41,12,15,0.072603,1,0,42,12,16,0.701878,1,0,43,13,15,4.77129,1,0,86,13,16,-3.92244,1,0,96,13,17,0.0389748,1,0,64,14,17,0.00273809,1,0,
0.1
6369
0,0,1,0,1,0,3,3,2,0,3,3,3,0,0,0,4,0,0,0,5,0,0,0,6,0,4,4,7,0,4,4,8,0,0,0,9,0,3,3,10,0,0,0,11,0,0,0,12,0,0,0,13,0,4,4,14,0,4,4,15,2,10.4706,1,16,2,2.55109,0.999971,17,2,-48.4935,0,18,1,27.5568,1,19,1,12.6817,1,20,1,9.06734,1,
46,0,19,0.149579,1,0,87,1,18,0.545203,1,0,79,2,19,-0.0263682,1,0,66,2,20,0.607026,1,0,47,3,18,17.8581,1,0,3,3,19,0.450814,1,0,48,3,20,1.35001,1,0,5,4,20,0.012506,1,0,6,5,18,-0.289275,1,0,49,6,19,3.1902,1,0,15,10,18,0.0336701,1,0,16,10,19,-6.28138,1,0,68,10,20,0.587573,1,0,17,11,18,-1.1342,1,0,82,11,20,-13.3086,1,0,21,14,18,6.48029,1,0,22,14,20,1.81157,1,0,28,1,17,0.000226023,1,0,29,2,15,0.00629257,1,0,59,2,16,6.33933e-05,1,0,61,3,16,0.0225403,1,0,31,3,17,0.0117557,1,0,32,4,16,0.00253889,1,0,91,5,15,-1.13841,1,0,63,6,16,3.88934,1,0,84,7,17,-0.0532721,1,0,37,8,17,-0.00486028,1,0,85,10,16,-3.29697,1,0,41,12,15,-0.0142548,1,0,42,12,16,-1.48218,1,0,43,13,15,2.61294,1,0,86,13,16,-3.25162,1,0,96,13,17,-0.0638016,1,0,64,14,17,-12.0065,1,0,
0.3
6369
0,0,1,0,1,0,4,4,2,0,7,7,3,0,3,3,4,0,3,3,5,0,0,0,6,0,0,0,7,0,0,0,8,0,4,4,9,0,7,7,10,0,3,3,11,0,3,3,12,0,0,0,13,0,0,0,14,0,0,0,15,2,0.609825,0.923733,16,2,-6.55275,2.29399e-12,17,2,0.726039,0.951177,18,1,-35.672,0,19,1,-1.5207,0.00198593,20,1,-9.93052,2.29494e-18,
46,0,19,-0.143281,1,0,87,1,18,0.261179,1,0,79,2,19,0.0027354,1,0,66,2,20,-0.423973,1,0,47,3,18,-13.3991,1,0,3,3,19,-0.212251,1,0,48,3,20,-2.00656,1,0,5,4,20,-0.0186723,1,0,6,5,18,0.181749,1,0,49,6,19,-2.1895,1,0,15,10,18,0.0392323,1,0,16,10,19,-0.301033,1,0,68,10,20,-0.295337,1,0,17,11,18,1.121,1,0,82,11,20,-0.000337277,1,0,21,14,18,-4.29507,1,0,22,14,20,1.86697,1,0,28,1,17,-4.35909e-05,1,0,29,2,15,0.0871179,1,0,59,2,16,3.46508e-05,1,0,61,3,16,-0.0530699,1,0,31,3,17,-0.00530251,1,0,32,4,16,0.00425323,1,0,91,5,15,0.641117,1,0,63,6,16,1.59404,1,0,84,7,17,-15.9135,1,0,37,8,17,0.18553,1,0,85,10,16,-2.13551,1,0,41,12,15,-15.576,1,0,42,12,16,-0.038778,1,0,43,13,15,-3.5266,1,0,86,13,16,-1.45833,1,0,96,13,17,-0.119104,1,0,64,14,17,0.0115795,1,0,
0.5
6434
0,0,1,0,1,0,2,2,2,0,2,2,3,0,0,0,4,0,0,0,5,0,0,0,6,0,5,5,7,0,5,5,8,0,2,2,9,0,2,2,10,0,0,0,11,0,0,0,12,0,0,0,13,0,5,5,14,0,5,5,15,3,-114.089,0,16,3,22.4935,1,17,3,74.0859,1,18,2,-21.4389,8.29418e-39,19,1,-40.0766,0,20,1,111.517,1,21,1,0,0.5,
78,0,18,-8.60698,1,0,0,0,20,7.73159,1,0,1,1,20,11.1822,1,0,2,2,18,-7.94172,1,0,47,3,18,-12.9067,1,0,5,4,20,4.852,1,0,6,5,18,2.42467,1,0,7,5,19,14.6912,1,0,9,6,18,-5.42821,1,0,49,6,19,-3.76897,1,0,81,7,20,17.5157,1,0,50,8,18,-14.7074,1,0,14,9,20,-4.48852,1,0,15,10,18,-10.1611,0,0,18,12,19,16.4079,1,0,52,13,18,11.0991,1,0,69,13,19,-4.24636,1,0,20,13,20,2.50147,1,0,22,14,20,-0.391273,1,0,24,18,16,14.9644,1,0,25,18,17,4.64887,1,0,54,19,16,-7.15066,1,0,55,20,15,-0.0891857,1,0,57,0,15,15.9388,1,0,93,0,17,14.1336,1,0,28,1,17,7.05812,1,0,60,2,17,16.1696,1,0,30,3,15,14.7964,1,0,31,3,17,-5.59484,1,0,32,4,16,-10.6305,1,0,34,6,15,3.08569,1,0,63,6,16,9.57751,1,0,36,7,15,-15.0885,1,0,71,8,15,-8.82764,1,0,72,8,16,-12.697,1,0,74,9,17,13.8152,1,0,85,10,16,8.61163,1,0,76,11,16,-11.6871,1,0,41,12,15,18.8315,1,0,77,12,17,9.82097,1,0,43,13,15,10.3823,1,0,44,14,15,-17.6483,1,0,113,10,21,-10.1611,1,0,105,21,18,-8.98986,1,0,
